864127
 801608
 199795
 898702
 52772
 965401
 994908
 838515
 19943
 206844
 63278
 484684
 241474
 181763
 22662
 890547
 982703
 264953
 529088
 367964
 150758
 597443
 323120
 40295
 332907
 669035
 81916
 844989
 745223
 317146
 395998
 537365
 434622
 943922
 700434
 551037
 53404
 314258
 0
 366169
 652779
 308016
 708026
 536604
 596774
 212598
 30789
 476289
 607347
 964241
 629496
 406430
 668066
 245160
 549872
 897245
 338793
 820343
 740576
 64095
 594564
 734456
 836013
 861336
 106266
 18002
 303329
 233810
 470710
 627257
 332305
 974113
 599189
 192390
 393300
 256300
 136679
 176887
 594688
 567770
 136931
 850085
 63660
 353604
 284951
 79356
 14853
 732552
 342099
 671989
 262714
 209166
 694528
 289069
 759644
 865105
 574478
 159905
 106493
 345857
 454503
 224408
 883175
 786261
 880434
 656981
 509370
 284103
 281154
 280301
 520199
 534268
 350026
 72801
 167298
 157382
 796207
 221912
 781992
 140342
 467645
 791967
 404875
 757849
 697628
 569719
 963875
 834908
 103705
 363636
 299535
 880898
 202083
 697732
 546600
 82301
 308241
 818844
 769893
 454161
 328969
 839452
 269534
 121971
 916483
 857538
 202853
 920582
 841285
 604804
 805202
 475986
 60309
 146688
 351020
 716230
 592813
 146536
 596623
 986437
 709843
 192594
 943130
 547088
 239320
 423747
 233597
 392452
 412887
 92906
 523232
 402528
 691634
 775551
 81598
 377388
 315257
 570179
 159008
 123177
 496859
 355236
 50526
 446871
 392653
 761904
 251311
 742796
 595257
 554030
 191036
 320241
 919726
 143947
 756596
 400407
 84429
 780162
 653572
 749241
 587104
 549770
 84564
 9575
 537927
 576827
 588235
 192195
 138149
 663464
 406052
 115959
 203623
 843180
 504405
 789494
 302325
 902787
 782415
 71159
 592933
 43098
 680933
 619465
 214711
 547807
 410980
 965849
 888924
 857943
 752544
 626262
 604425
 0
 485242
 216175
 191499
 726892
 347470
 186627
 107940
 280864
 831450
 651862
 444940
 390134
 274576
 642117
 343044
 151239
 898928
 751976
 138325
 841041
 637713
 327518
 270801
 325924
 921995
 560586
 929640
 666216
 193054
 822826
 250688
 34471
 882104
 521031
 683908
 26232
 349162
 276656
 262500
 338945
 114395
 752588
 64053
 913973
 454401
 692307
 285122
 479031
 228103
 681224
 816739
 601469
 404136
 991230
 594856
 996191
 896547
 845835
 35250
 630877
 900397
 19002
 918493
 193574
 33785
 861392
 392190
 839303
 672821
 221555
 580515
 217118
 569675
 798171
 845070
 922574
 147227
 564862
 618640
 288932
 584832
 994002
 692127
 276280
 88711
 791666
 403990
 5127
 323163
 858085
 675665
 604622
 710460
 996655
 584872
 364142
 623088
 750000
 377473
 724352
 160480
 646324
 778446
 807183
 958826
 166102
 899903
 473958
 955307
 586428
 583542
 664517
 701749
 477365
 701456
 914051
 545729
 912593
 636304
 364362
 902761
 839509
 608619
 610222
 441995
 652422
 344852
 612883
 134885
 563761
 114299
 243386
 534457
 39890
 29078
 892307
 479999
 513554
 12505
 276013
 529970
 103508
 523016
 706900
 569349
 404630
 210765
 724717
 468895
 846173
 3593
 317383
 894056
 853770
 957007
 866180
 293410
 445147
 724261
 33359
 440774
 150308
 279356
 935884
 791911
 978013
 708487
 391608
 965218
 708641
 725690
 391441
 279043
 248282
 158005
 124774
 804646
 401422
 466688
 714413
 587452
 978434
 365588
 112359
 906211
 588174
 657415
 934551
 866872
 363203
 743199
 542401
 359520
 499137
 455630
 801580
 226524
 990630
 909914
 682926
 733933
 180348
 874211
 391366
 406519
 333665
 467317
 60913
 418929
 622360
 524651
 801207
 66253
 375084
 688151
 736753
 44034
 810639
 169666
 438748
 694691
 796796
 734375
 451612
 942999
 59765
 759988
 316963
 751448
 587416
 506535
 282387
 467513
 185753
 361430
 890331
 469870
 909991
 712519
 94516
 775025
 586050
 730223
 614011
 310360
 481152
 149938
 156130
 422378
 938271
 749032
 778305
 94544
 817866
 535353
 448159
 603005
 875438
 272829
 746031
 364830
 160474
 968655
 444318
 824352
 578812
 283406
 844578
 328240
 161204
 687952
 775909
 480770
 53515
 35856
 786719
 394169
 851254
 295136
 975587
 849558
 398594
 183486
 61667
 85691
 980899
 247019
 484022
 307082
 655899
 731137
 637668
 819362
 98294
 786811
 503258
 541089
 732433
 78550
 762017
 408973
 180765
 194623
 277516
 117285
 474919
 952993
 336265
 260014
 880289
 286077
 501461
 953362
 943565
 394060
 447942
 106151
 548040
 623047
 198869
 125236
 928784
 63449
 563999
 328903
 946866
 888467
 550403
 107077
 68566
 853111
 849673
 52297
 139215
 514756
 478260
 362361
 156222
 413783
 275033
 595378
 322834
 601566
 239123
 292686
 391772
 616996
 500273
 124146
 444470
 278582
 9668
 288346
 188632
 413243
 920558
 234968
 675886
 226247
 727272
 52772
 738294
 454096
 396574
 538240
 429267
 71462
 326146
 173817
 418050
 170004
 850091
 945478
 336528
 859595
 453118
 570717
 517582
 182759
 74819
 807284
 969177
 206473
 538657
 841495
 921936
 139345
 217355
 898480
 762749
 136116
 707371
 302671
 133793
 110404
 546786
 660486
 508540
 93599
 683008
 126154
 619444
 120972
 18333
 429691
 782135
 565226
 158697
 460626
 274695
 11224
 857099
 24791
 5721
 466037
 412377
 344941
 864327
 944717
 466517
 104791
 494256
 881415
 834879
 466016
 584762
 453906
 268339
 306061
 259550
 9201
 566297
 425306
 913689
 279036
 745523
 78573
 755710
 504550
 833427
 452727
 105351
 350796
 812027
 578747
 231232
 206126
 711214
 292222
 892464
 435136
 979025
 846624
 457425
 29302
 846900
 950359
 358349
 75527
 704812
 947529
 53345
 193454
 243269
 607944
 741328
 361820
 340461
 421340
 840105
 967297
 881146
 706080
 902120
 191555
 707579
 677622
 845532
 531073
 641032
 189301
 403188
 585619
 762057
 920996
 684054
 673912
 544440
 124598
 488378
 581552
 979030
 821248
 160176
 179321
 372216
 406498
 880191
 799373
 245783
 299604
 636337
 281332
 143281
 335369
 222875
 400173
 866561
 880392
 301102
 964181
 973594
 573631
 763486
 246178
 791480
 62787
 1962
 141337
 68566
 516285
 300268
 32835
 41225
 725878
 715422
 441385
 176875
 228658
 218578
 400514
 205197
 878617
 896662
 627984
 29282
 545549
 591355
 962931
 571718
 800032
 697674
 631447
 550232
 566768
 223530
 287416
 628140
 595583
 605213
 101539
 797937
 295722
 719706
 350579
 783537
 586305
 820522
 85826
 476923
 664069
 625609
 45213
 19924
 444075
 957033
 243706
 840353
 436946
 761061
 234545
 851683
 797910
 965030
 155832
 275997
 287580
 444560
 378772
 534267
 671272
 280699
 904679
 983301
 285448
 152237
 824858
 461745
 665169
 79442
 620067
 845060
 411864
 179816
 277510
 593838
 388615
 925365
 10438
 898401
 0
 817642
 723929
 105743
 676665
 43974
 493932
 671249
 492810
 271613
 905654
 139872
 366648
 787903
 246871
 860664
 364610
 526526
 64730
 336978
 748636
 467936
 257867
 42419
 431435
 635607
 165072
 183855
 974463
 629640
 129272
 384131
 807557
 472330
 975116
 930727
 930487
 76689
 387936
 513695
 6867
 631049
 952426
 870704
 510730
 988310
 115887
 335195
 424231
 857142
 957751
 177054
 553786
 414545
 835262
 355353
 825822
 101882
 106386
 333297
 933339
 764741
 951824
 645690
 943579
 630844
 967206
 480362
 508876
 203397
 542966
 368140
 122761
 953827
 413685
 606290
 408243
 918745
 950254
 319846
 35840
 3737
 985166
 298194
 386652
 950121
 399651
 107462
 427337
 478838
 970525
 958711
 111118
 41432
 999275
 214331
 84504
 422285
 445456
 773777
 877862
 997866
 901723
 594310
 773592
 279481
 33014
 378406
 667559
 974757
 944869
 124352
 897360
 628304
 105172
 110467
 554721
 365997
 540119
 315388
 342287
 888955
 641295
 460769
 838468
 392212
 573883
 375401
 900621
 877615
 715000
 942426
 527844
 150550
 493082
 669371
 842182
 176181
 949263
 926391
 604991
 379588
 595911
 509742
 831686
 766944
 145580
 964459
 285677
 182598
 944908
 965650
 850107
 190804
 125290
 746942
 684712
 178702
 821138
 349585
 293505
 765090
 830409
 83591
 848960
 957488
 667354
 148194
 238973
 392065
 495088
 307358
 393948
 302969
 563809
 324675
 55338
 533322
 139986
 864626
 834073
 142304
 39911
 798365
 232621
 641434
 343863
 304776
 461131
 758914
 31971
 462659
 654878
 671433
 433405
 905048
 133990
 195411
 506740
 427793
 552608
 343196
 625838
 253089
 97409
 940745
 121375
 507356
 59405
 349034
 583244
 932207
 49414
 973281
 172750
 928051
 256846
 901734
 577285
 613415
 438200
 47086
 446251
 138364
 317663
 114001
 29901
 662898
 357958
 434421
 536543
 183460
 550286
 393588
 427215
 433962
 493485
 677312
 584436
 217962
 815620
 277201
 7648
 561661
 459422
 401230
 458422
 942374
 348019
 677419
 18256
 707889
 328924
 886798
 619855
 640502
 865259
 50325
 234936
 329211
 528833
 943647
 990262
 695386
 793486
 680251
 433518
 769630
 758104
 5154
 530981
 347229
 25420
 399034
 213024
 730475
 778947
 913941
 303645
 229452
 221181
 642517
 135060
 789404
 583320
 839420
 870813
 734175
 508820
 897895
 635646
 980276
 849308
 624254
 704789
 147349
 89099
 387023
 469302
 395094
 710017
 865922
 658718
 824452
 701127
 667505
 888330
 756617
 317782
 520754
 896190
 225646
 418999
 410913
 59113
 345572
 9297
 142243
 549092
 149914
 663681
 448569
 551213
 89968
 474240
 455145
 513513
 936997
 337662
 631937
 88227
 1798
 878800
 636853
 125855
 610678
 448000
 116864
 294757
 426383
 887540
 291825
 570523
 980401
 133846
 755444
 506849
 628316
 617408
 888127
 38915
 835538
 346938
 855865
 83327
 114189
 454845
 974771
 465578
 592381
 672857
 619145
 730107
 744680
 950210
 107021
 507620
 853737
 130213
 55316
 304103
 420444
 507794
 331343
 466556
 425521
 504639
 18748
 893000
 29339
 40583
 742179
 672347
 132737
 890040
 54680
 875648
 187129
 985969
 825595
 246593
 598006
 405225
 918308
 865245
 286694
 953406
 950495
 758028
 566121
 674163
 840354
 767424
 139208
 877816
 850396
 714189
 190552
 588620
 188325
 733746
 751662
 789683
 892810
 324535
 153771
 427054
 273584
 502683
 920202
 142671
 917614
 850591
 440379
 668465
 26771
 429543
 979922
 796273
 566878
 853204
 945674
 887458
 563572
 440195
 778166
 522149
 681211
 798449
 769400
 574888
 333613
 150733
 104346
 711412
 151645
 599581
 550057
 444349
 619478
 256841
 843274
 820701
 807468
 363533
 153527
 144010
 14961
 649387
 280423
 97041
 428420
 138082
 935632
 621805
 70115
 977216
 387518
 120663
 957717
 896956
 322540
 67675
 897914
 737080
 163070
 280016
 69000
 921731
 652515
 131639
 225188
 481186
 313423
 50156
 469470
 653665
 661321
 337068
 939321
 915666
 707019
 754222
 924523
 34431
 466457
 941904
 379241
 777813
 564787
 404724
 637080
 772324
 859114
 830303
 833019
 195706
 187500
 692101
 7106
 661350
 798135
 264342
 963904
 708758
 939639
 202054
 734597
 60011
 119865
 480006
 890519
 870200
 259259
 4277
 755689
 501138
 365341
 140511
 130681
 113243
 59762
 587630
 0
 255534
 430246
 49559
 792114
 731594
 937681
 513445
 369585
 456832
 943715
 405862
 786096
 263950
 378657
 291262
 600918
 442758
 304832
 688676
 203781
 768259
 433592
 962336
 750993
 638057
 905290
 881779
 283341
 518711
 995997
 178451
 962323
 891629
 113048
 724794
 571790
 51721
 939711
 426037
 746812
 919787
 505570
 736663
 173177
 363003
 515490
 789442
 348238
 10676
 964561
 945702
 885099
 32111
 371249
 883878
 354250
 426829
 243031
 105603
 746947
 761989
 73316
 363780
 300857
 48681
 488205
 492552
 161738
 373068
 350035
 709233
 858451
 313841
 767824
 275531
 620667
 49044
 258890
 491451
 795489
 448878
 755378
 919206
 101745
 820097
 678228
 919460
 551843
 794808
 788513
 196650
 494753
 32514
 844817
 276655
 292493
 676188
 345458
 213197
 732492
 590827
 721726
 140685
 854304
 603108
 998193
 772491
 212265
 390562
 639309
 989435
 142541
 585878
 827736
 457966
 851822
 696467
 415019
 722372
 469738
 601165
 835895
 882386
 256389
 632598
 887278
 50675
 237055
 555996
 532114
 782476
 786131
 486601
 219662
 465116
 323256
 160072
 129785
 848579
 108784
 851465
 620758
 601450
 132312
 786
 849785
 350234
 866892
 103183
 68660
 928630
 50335
 936461
 702032
 32376
 826728
 11488
 996857
 605983
 464429
 228100
 903488
 134858
 695331
 422535
 460177
 564769
 704493
 310698
 250972
 319558
 561955
 482797
 842583
 524300
 733037
 991236
 566958
 340392
 749109
 181093
 946911
 28907
 807583
 260093
 276310
 864540
 343467
 749397
 317662
 644331
 480000
 879553
 617804
 541299
 680704
 518272
 793215
 873441
 960899
 829899
 939660
 379234
 368526
 559918
 73577
 855388
 809187
 320388
 860122
 195669
 897448
 774814
 250359
 801358
 385450
 859842
 562686
 89096
 0
 824116
 526140
 611912
 178412
 192072
 354021
 308648
 960912
 744490
 634364
 559144
 219215
 101506
 69307
 834416
 421097
 169388
 333768
 169880
 287144
 664726
 911257
 543178
 653548
 911892
 258464
 48691
 969551
 622846
 36727
 825726
 647507
 665563
 786829
 15772
 482484
 747309
 168831
 728212
 870379
 160746
 864887
 876632
 341731
 336957
 731147
 259386
 723932
 322580
 240831
 172568
 229686
 842342
 357494
 351263
 756119
 865912
 398551
 21713
 395469
 771736
 418963
 928334
 131676
 125110
 253369
 248348
 426150
 762466
 459390
 803154
 770342
 489980
 113333
 714290
 320225
 31473
 230079
 300896
 308244
 951663
 287627
 928636
 168718
 985346
 546927
 521971
 674864
 923497
 431753
 442622
 386710
 66740
 344912
 969360
 86614
 193650
 36882
 435897
 527145
 897031
 298268
 168709
 311007
 954263
 317655
 829393
 566206
 808274
 648513
 68378
 154630
 426523
 227862
 674996
 576075
 988165
 458219
 806017
 806555
 696892
 701318
 330878
 326851
 257907
 61317
 998393
 756425
 844848
 19323
 738947
 290718
 312757
 762458
 414897
 868273
 334062
 107061
 490284
 674552
 924393
 111426
 492083
 734055
 175785
 616118
 80808
 391878
 990091
 560931
 954274
 942587
 919330
 862467
 307956
 104437
 133488
 385687
 705280
 392798
 781785
 282227
 181136
 523946
 480023
 995531
 465206
 667351
 912087
 276544
 988878
 235605
 433350
 511208
 318450
 201489
 163528
 883155
 962770
 169641
 64122
 518987
 661342
 62693
 989510
 371842
 80374
 642496
 524284
 584629
 809414
 851274
 366267
 37681
 942150
 983713
 139793
 477149
 105955
 96625
 532611
 178947
 731764
 741341
 671369
 353789
 22364
 821625
 145510
 759179
 974931
 702959
 778341
 811504
 904226
 241657
 41831
 425034
 651828
 984968
 150854
 505409
 894649
 460593
 860024
 519707
 696914
 581609
 946704
 307497
 288963
 255250
 848545
 806661
 696439
 513275
 584495
 105111
 662890
 93267
 110932
 526763
 123200
 701601
 941772
 423846
 597874
 593253
 688032
 582586
 248891
 116677
 633495
 287332
 689895
 989726
 384713
 19779
 63620
 909141
 438962
 851711
 693387
 319935
 845504
 658268
 371439
 64628
 473817
 370078
 919193
 916317
 424552
 643718
 327608
 859166
 166429
 961814
 421052
 170389
 792462
 574341
 647430
 570121
 741670
 444043
 638502
 551454
 248392
 13574
 726708
 309983
 264900
 407486
 89043
 133866
 142223
 213507
 411562
 983564
 488940
 52194
 401876
 85740
 659695
 282864
 891425
 799383
 951983
 797533
 975353
 741522
 536537
 782067
 682851
 818047
 858721
 627982
 240292
 605356
 708160
 240120
 870247
 659886
 450818
 370736
 744014
 797637
 834575
 949316
 58035
 24871
 398799
 175411
 411503
 123229
 751706
 985781
 670046
 524024
 763886
 514619
 374688
 848580
 35635
 478955
 633101
 672414
 900254
 56628
 929267
 299663
 163863
 613646
 755555
 400019
 339424
 252878
 173592
 50447
 287025
 799999
 215644
 572
 603114
 104459
 563020
 659919
 688057
 932310
 62328
 230962
 519598
 904109
 391835
 803934
 647476
 787908
 40318
 350091
 859441
 809357
 697211
 963590
 65916
 883017
 420152
 684575
 730247
 198858
 87582
 696629
 998872
 756446
 720436
 167945
 487793
 232974
 27306
 65912
 905467
 486818
 563325
 29923
 898612
 856897
 420403
 756410
 966092
 255090
 835058
 855341
 328915
 354676
 583821
 639392
 616369
 915002
 601012
 435544
 427644
 276140
 584669
 559366
 249234
 973755
 670404
 51499
 798808
 559653
 567123
 384185
 588670
 980581
 513258
 778630
 464513
 202153
 129039
 205633
 761552
 529376
 973208
 41573
 917355
 526151
 53557
 531779
 336779
 91773
 261615
 467299
 591828
 433628
 925529
 441845
 104448
 513538
 104980
 717968
 211949
 649864
 947492
 919581
 825460
 653196
 202902
 976793
 172029
 249974
 916971
 587141
 599169
 185230
 22039
 141600
 283639
 335424
 578271
 799718
 248827
 862677
 809774
 133478
 542848
 371884
 659895
 679724
 515614
 792982
 740740
 119152
 108910
 960993
 362958
 995687
 312545
 874986
 326664
 734693
 449675
 395240
 904603
 985283
 777156
 381122
 413221
 800729
 421533
 894328
 32487
 310296
 53067
 219421
 958561
 225443
 995933
 425732
 14743
 554
 422022
 829847
 440297
 327825
 36943
 935730
 801912
 839788
 854341
 329509
 227335
 639400
 712911
 515866
 877415
 714075
 118482
 347490
 670762
 797039
 392953
 242071
 342019
 948566
 96384
 825656
 687293
 724308
 260221
 675923
 631048
 365811
 801589
 198131
 3269
 11002
 395629
 632241
 544674
 638989
 96880
 646537
 889841
 189193
 865188
 129619
 664909
 661398
 269609
 334923
 278317
 756281
 524285
 861983
 268360
 32441
 437840
 554167
 4922
 340659
 847497
 755843
 157449
 551690
 195153
 221004
 182519
 395849
 843793
 446264
 433408
 868746
 570071
 553380
 527598
 456020
 460011
 290803
 590566
 39290
 140850
 498518
 575735
 193688
 623573
 80479
 662759
 535105
 933056
 34256
 210835
 412387
 350952
 410852
 118035
 444135
 134879
 516747
 820861
 472113
 499046
 229739
 789173
 873010
 804983
 33784
 411543
 841052
 511271
 455789
 792364
 304946
 954103
 991554
 969587
 707911
 893018
 962492
 381675
 186350
 11686
 774246
 407745
 53630
 446093
 219178
 986635
 51177
 99404
 329836
 846896
 735812
 707982
 253190
 494820
 270105
 908712
 663004
 462677
 792342
 44326
 836628
 28109
 964573
 238156
 111111
 350244
 345724
 599999
 120835
 333061
 152296
 233222
 572262
 521183
 682454
 437930
 899441
 910588
 574161
 151315
 223644
 165707
 899796
 558334
 999591
 82742
 46452
 581342
 511833
 287823
 140609
 562753
 827536
 813420
 844116
 312575
 339776
 751787
 356421
 698571
 601567
 6562
 644054
 979165
 955902
 792828
 603195
 364118
 240967
 736584
 223795
 111455
 680803
 212222
 912840
 888359
 249429
 933680
 469950
 335329
 66416
 667315
 520514
 550115
 85065
 693320
 93420
 414397
 633989
 38147
 396792
 572621
 499609
 743655
 141552
 52149
 772631
 393298
 708032
 857994
 311245
 510301
 682222
 41150
 105210
 777777
 800250
 787379
 112905
 360452
 639158
 108506
 585503
 205765
 825278
 560049
 538789
 426482
 987266
 61474
 174108
 219014
 808481
 101019
 149953
 850754
 89991
 701107
 580889
 242588
 935565
 832641
 949810
 316770
 39988
 147871
 956112
 879630
 657792
 530578
 562003
 348585
 869268
 749977
 339934
 188669
 977408
 21449
 457176
 476694
 714042
 250412
 431831
 332162
 786507
 850246
 77820
 234321
 277523
 405003
 814704
 529158
 787956
 509054
 337479
 520657
 971029
 479122
 178456
 33952
 183409
 797806
 552575
 94707
 535269
 646026
 272540
 441857
 326516
 694623
 282431
 54028
 453328
 592530
 172981
 134572
 415196
 402180
 77505
 674253
 45499
 225023
 381813
 249176
 630264
 646006
 750785
 283995
 411086
 295554
 495615
 531468
 430560
 544421
 210334
 799095
 912356
 458128
 332268
 458798
 788456
 911648
 823995
 523431
 86321
 301552
 620937
 572987
 244795
 990914
 409356
 105245
 778474
 636821
 985210
 554066
 744496
 495751
 744456
 659822
 354451
 942891
 662287
 665260
 682983
 521517
 676158
 129172
 852205
 285714
 771143
 80317
 602607
 343627
 869080
 209672
 845277
 74421
 675348
 319221
 18763
 689794
 388718
 292343
 855653
 17099
 577109
 645055
 704540
 450213
 762889
 358756
 2085
 613292
 164984
 790856
 284406
 635002
 464118
 659787
 126846
 583344
 129255
 920821
 282675
 557687
 805713
 398386
 257215
 955235
 226867
 117647
 221201
 715353
 264390
 557968
 290850
 301466
 431812
 705722
 86101
 160000
 849133
 829657
 866725
 690884
 943918
 482317
 543372
 481145
 557059
 772158
 885972
 70797
 801702
 308437
 384615
 395675
 669260
 335461
 778378
 870177
 1758
 496578
 323676
 903614
 561845
 317220
 281448
 68561
 314685
 582854
 508199
 234591
 955555
 113800
 573109
 358932
 650907
 77695
 960108
 660500
 164223
 212728
 907876
 352261
 809927
 463024
 788173
 732075
 115042
 205806
 699242
 497979
 381963
 403433
 445181
 379725
 240997
 464084
 381097
 280909
 374948
 340482
 569263
 438197
 308769
 774211
 985207
 966881
 872748
 701560
 371732
 449877
 232962
 547096
 718218
 679194
 540534
 495153
 966097
 943802
 203128
 814019
 182291
 988053
 36838
 472727
 711046
 704988
 128975
 9952
 830981
 582345
 942968
 67400
 41588
 525602
 196070
 256037
 459452
 948551
 378650
 165422
 979245
 592846
 365138
 766842
 661922
 311705
 161385
 669259
 154062
 90909
 188000
 955444
 105456
 595618
 745491
 111503
 344799
 236945
 726420
 353385
 189420
 158917
 779092
 118530
 153055
 332800
 261129
 56000
 886963
 156273
 550602
 214579
 23420
 564025
 863015
 279587
 46159
 682696
 109300
 690974
 289070
 828117
 338527
 890414
 452768
 735757
 839738
 820616
 547394
 792773
 541882
 291725
 888087
 415185
 892347
 469359
 241617
 839519
 192314
 623435
 947946
 741281
 75744
 317055
 437305
 115926
 240490
 73308
 979524
 816602
 388853
 876356
 615630
 935361
 906389
 624081
 740884
 787456
 835727
 631537
 167473
 537190
 641160
 609652
 147514
 378121
 905511
 901797
 402144
 265482
 649335
 481328
 16064
 683409
 348933
 843020
 325954
 750325
 618706
 862444
 918808
 147826
 968366
 624
 811091
 883478
 609323
 333464
 225497
 892865
 254579
 767833
 860227
 325174
 149886
 858585
 229970
 751269
 559168
 141615
 370930
 683142
 301628
 344679
 877126
 535069
 528961
 547486
 712232
 713
 107845
 266379
 53438
 124727
 630182
 878392
 64039
 779964
 468637
 903814
 569202
 568583
 357334
 204473
 94283
 694415
 549227
 128129
 522787
 484794
 902243
 94924
 801801
 392769
 725778
 240453
 298142
 954260
 39086
 296172
 307567
 255917
 659899
 115055
 433530
 772642
 475555
 628734
 567391
 752310
 429743
 325488
 474328
 107949
 230769
 21837
 205174
 322741
 274653
 541844
 508345
 679065
 215764
 375327
 508417
 564925
 947299
 23874
 108453
 980845
 447523
 11788
 725351
 78939
 283504
 910620
 478379
 336655
 684777
 211694
 172795
 679172
 708043
 911401
 515550
 383955
 876749
 68836
 42227
 916705
 568172
 641784
 951740
 633240
 337612
 210626
 786788
 506713
 985298
 817476
 117209
 335169
 572781
 228070
 705896
 656655
 322236
 34688
 366951
 55264
 815217
 251688
 866102
 359815
 479885
 718739
 133607
 794034
 486725
 197258
 482477
 238684
 825935
 677850
 617838
 965107
 902825
 114948
 790554
 342955
 166301
 894755
 850909
 684831
 972167
 677151
 743604
 828335
 330035
 869431
 715648
 959909
 421446
 470896
 701318
 155363
 918712
 684210
 226655
 742004
 835225
 747220
 90367
 323125
 834105
 782763
 738725
 741292
 254754
 430167
 560345
 265459
 979181
 354952
 952338
 780480
 342032
 241511
 987848
 989409
 476096
 937467
 728037
 657546
 540540
 93385
 383754
 631286
 544559
 195494
 301670
 482207
 168932
 823022
 124463
 341858
 691377
 203954
 565867
 595120
 437966
 460200
 654028
 448178
 664309
 503250
 207912
 186075
 19496
 839289
 995976
 287809
 530877
 870107
 748169
 816131
 583113
 176366
 332063
 830306
 850513
 677807
 639899
 884626
 498558
 137382
 925586
 861714
 298781
 950755
 458281
 913849
 949932
 733395
 934645
 871519
 834868
 792645
 947486
 112985
 304973
 817524
 639330
 884196
 605891
 473201
 434343
 604385
 316728
 713518
 458698
 18472
 250141
 929475
 305978
 786626
 214360
 30049
 836991
 510839
 956842
 79591
 636858
 732824
 72360
 601488
 883220
 750944
 771767
 890525
 172451
 434967
 536508
 17688
 774514
 509877
 780030
 125068
 627982
 745066
 652474
 244968
 724797
 882743
 190108
 589748
 936237
 60908
 637551
 282376
 547113
 730263
 704660
 491039
 769377
 472241
 605675
 148513
 827321
 958846
 946078
 684540
 172428
 191694
 290803
 71405
 789954
 130303
 337732
 295551
 568191
 562301
 388973
 467492
 481481
 358490
 510309
 818181
 651162
 787306
 636754
 539091
 757516
 863409
 234903
 523717
 843334
 984217
 928226
 710474
 125802
 947380
 889773
 138595
 303529
 278657
 287144
 712854
 891334
 956564
 627544
 889953
 10229
 83625
 502805
 704743
 425267
 489959
 328786
 285714
 573100
 961311
 53114
 446011
 362740
 35035
 582793
 50562
 188206
 314914
 405764
 396177
 434209
 973817
 262124
 15027
 588246
 284633
 519853
 217487
 937464
 436619
 225146
 794963
 542234
 739627
 867132
 214854
 613393
 322580
 516214
 436444
 620495
 825635
 811207
 423815
 818251
 81712
 470154
 802013
 301602
 264456
 686547
 167681
 278973
 490947
 390103
 905202
 528894
 328533
 190701
 409572
 566628
 594278
 760229
 785360
 847522
 443526
 952802
 902078
 543362
 599765
 423008
 22224
 55522
 533701
 793660
 570174
 533333
 21803
 680345
 720917
 983240
 105843
 751156
 589864
 0
 289669
 3717
 646879
 543273
 773881
 861744
 920314
 455602
 374654
 488139
 995689
 153642
 309946
 965776
 686721
 288442
 633882
 57495
 327702
 468359
 439863
 167521
 205029
 201700
 796900
 662893
 526643
 377508
 775565
 250068
 751348
 724680
 635950
 195480
 317041
 931204
 121664
 431404
 363045
 755560
 567388
 676035
 278759
 610657
 219772
 651853
 586521
 584857
 920930
 642439
 782426
 535744
 339277
 993912
 60445
 675163
 10542
 59216
 417517
 480990
 824698
 274480
 405976
 183758
 436286
 367392
 519447
 223877
 930720
 458313
 288603
 799234
 972598
 530340
 238938
 279305
 5524
 91879
 210557
 787513
 649950
 824836
 4246
 808152
 87641
 244621
 868
 145969
 682966
 377524
 697331
 186903
 181165
 282855
 461481
 151161
 532884
 393487
 663773
 191891
 823025
 725515
 554012
 298999
 563220
 207227
 281076
 706885
 652268
 9833
 342881
 313806
 552422
 488915
 640403
 146216
 516133
 616842
 52284
 505576
 717910
 900189
 926949
 760599
 924388
 502217
 744446
 679903
 147852
 792457
 809766
 266202
 585804
 333730
 968797
 363318
 994744
 419117
 461722
 67458
 346780
 89323
 69084
 185581
 599999
 44843
 89319
 770482
 30317
 205904
 507797
 404060
 419470
 567701
 46070
 471117
 829927
 291452
 539039
 76272
 567965
 752752
 931757
 636131
 539161
 511824
 468106
 442016
 800298
 530411
 370975
 387247
 822712
 987405
 476061
 287656
 472146
 998687
 457905
 324943
 217391
 451604
 967686
 299055
 199999
 208524
 336147
 301785
 60946
 330893
 850890
 105296
 223385
 771555
 292910
 354230
 573135
 909567
 179153
 402842
 27027
 777320
 521312
 115115
 866683
 51420
 350069
 199313
 475352
 791004
 251317
 817746
 205741
 717711
 220371
 378144
 943560
 604918
 388258
 47980
 589283
 427244
 988960
 444002
 8785
 192263
 351239
 681597
 400716
 543002
 67950
 280832
 440274
 172078
 488259
 889203
 716454
 174129
 133600
 420180
 368762
 385098
 159388
 491428
 328157
 34420
 414865
 248002
 241317
 526887
 82001
 20594
 156959
 316417
 631765
 336218
 366013
 284003
 737240
 611805
 935237
 242668
 982162
 218911
 234240
 194749
 915380
 578588
 976068
 669862
 313651
 341907
 359507
 148050
 734375
 559016
 925488
 103424
 368309
 708452
 86462
 411016
 424977
 552506
 118110
 812462
 918367
 734800
 344601
 738943
 618201
 81936
 384986
 193052
 93443
 718103
 892818
 830070
 962173
 605751
 898268
 991252
 465564
 268619
 924369
 121415
 345384
 12195
 288534
 4684
 477345
 93143
 182505
 526707
 586206
 722161
 69049
 536133
 249807
 459382
 668313
 437617
 808828
 710308
 245299
 852365
 933483
 775986
 28560
 217963
 495743
 408844
 469618
 240605
 763089
 774466
 692251
 526395
 65930
 681384
 44444
 600274
 473197
 929654
 575917
 141075
 182033
 857008
 955530
 731263
 107367
 806426
 839432
 354992
 202393
 4149
 868173
 767997
 633176
 906406
 869638
 321949
 951415
 67809
 728744
 396581
 698060
 924387
 955104
 722393
 259938
 812725
 827639
 917030
 511922
 182449
 296393
 517952
 414706
 361279
 569445
 362470
 983120
 876116
 373532
 341116
 420543
 755918
 991277
 173913
 29833
 490394
 997603
 648249
 82840
 222806
 39154
 680565
 33389
 402119
 37118
 931510
 8834
 857404
 149330
 547610
 3529
 619187
 677724
 741493
 96379
 695971
 772567
 684195
 389305
 729536
 42987
 439143
 756465
 127178
 854670
 415847
 824764
 4176
 880289
 478238
 299710
 971405
 79571
 181724
 663811
 145495
 948891
 463748
 628018
 963264
 409274
 548418
 561797
 674424
 175226
 320502
 182510
 8403
 503589
 773170
 185861
 928834
 501094
 742101
 446561
 198139
 168916
 366392
 729282
 759348
 60324
 655374
 524315
 866725
 263668
 999011
 696973
 213930
 86095
 380783
 749500
 782531
 134545
 106066
 615696
 248114
 936847
 719195
 187852
 887503
 139581
 524509
 447616
 419556
 70219
 754857
 875912
 22185
 733235
 981547
 533418
 408529
 213300
 528545
 277200
 955932
 62183
 636944
 656820
 969757
 758850
 363671
 793165
 541205
 248478
 448499
 484848
 426713
 332544
 221027
 52407
 980033
 977676
 701879
 975984
 220412
 119474
 747528
 293851
 337809
 838595
 834075
 117629
 362231
 970020
 509421
 973500
 722216
 247907
 439588
 35669
 662716
 89165
 888888
 145525
 490046
 850954
 485897
 988197
 602061
 492870
 413496
 540983
 865614
 626805
 205633
 905802
 513672
 388514
 761839
 561408
 404480
 52074
 475980
 998146
 553434
 506848
 727371
 388092
 175072
 467699
 908712
 161648
 586610
 529411
 5239
 144947
 869267
 777491
 165119
 582453
 19519
 990213
 541165
 610032
 205253
 69959
 500078
 558981
 300067
 90337
 138594
 589535
 978042
 443750
 345390
 582043
 474529
 637295
 632484
 483333
 47173
 544482
 796002
 878354
 494871
 77544
 529763
 443859
 194449
 427695
 658095
 384171
 669762
 786244
 235127
 760592
 430213
 259843
 197145
 400752
 6466
 614589
 512438
 306536
 449350
 273757
 48106
 932414
 770454
 65573
 777395
 191583
 382866
 363836
 909918
 489614
 482512
 510288
 51835
 779487
 325129
 962564
 23558
 507743
 715060
 760621
 810665
 100006
 418042
 626947
 260366
 230532
 97609
 259637
 723764
 531523
 914502
 956053
 353393
 388888
 500794
 87356
 401420
 232792
 265788
 155278
 192784
 823504
 100922
 153214
 927259
 126385
 731133
 268823
 188660
 758997
 638802
 578713
 269094
 234331
 680494
 181443
 871734
 890283
 947411
 631600
 705882
 174658
 800362
 551179
 376313
 743096
 561250
 228201
 62742
 64013
 691344
 567763
 74512
 732439
 501101
 281497
 637001
 515337
 399771
 184297
 798276
 915027
 787281
 682527
 736130
 506588
 444027
 12950
 263907
 442554
 203831
 799823
 262435
 71999
 227108
 800176
 55872
 663221
 312610
 65882
 686913
 617973
 974661
 838373
 434851
 827442
 562079
 462494
 312787
 506301
 406233
 174183
 253667
 306563
 362879
 640467
 748387
 347344
 954841
 27893
 900968
 656340
 455506
 346106
 768434
 699999
 733392
 135937
 433614
 921298
 319787
 195377
 253078
 914220
 554681
 139275
 143101
 160378
 965848
 384422
 350844
 672910
 987161
 698113
 659489
 798969
 834654
 978341
 0
 648672
 964114
 513798
 237831
 420073
 616962
 54601
 179087
 840386
 537114
 255430
 467415
 894542
 181818
 473867
 231441
 631658
 214967
 90317
 82778
 847889
 203977
 890894
 993856
 450423
 843404
 779895
 372444
 868455
 536380
 916666
 134538
 427095
 391304
 409689
 837732
 646257
 272127
 419751
 692152
 887998
 878204
 348560
 477605
 900473
 965956
 295567
 193548
 24455
 987201
 272977
 935302
 711473
 545572
 717787
 78395
 815945
 482825
 267321
 199674
 143470
 211680
 514365
 733283
 377119
 124069
 94420
 290076
 953345
 755456
 129229
 954658
 979037
 119731
 809732
 420477
 160928
 640015
 395055
 380392
 665712
 473982
 463015
 787460
 847574
 323886
 194925
 496258
 41251
 812323
 201170
 874251
 499488
 892473
 560810
 558362
 878104
 601437
 697087
 534586
 76958
 485220
 207500
 752422
 902576
 265486
 232977
 248678
 763841
 5557
 569765
 237217
 871794
 948156
 540740
 243298
 576104
 919728
 645726
 296559
 10990
 850099
 824182
 724022
 541483
 877
 208737
 673713
 260682
 321119
 546969
 907199
 595410
 458922
 335746
 784671
 642339
 908326
 964689
 313835
 249848
 85902
 652047
 629254
 368266
 391188
 700064
 816835
 54237
 589843
 661453
 106835
 971489
 982701
 190535
 705601
 369397
 52495
 681063
 856927
 176246
 580770
 993945
 902322
 3992
 841420
 480112
 431280
 657183
 815485
 747692
 214737
 94418
 910981
 989467
 632337
 151749
 934104
 206068
 473597
 219692
 238713
 210629
 287300
 8342
 14908
 18385
 632367
 103654
 321020
 622514
 997980
 169984
 127735
 331444
 883306
 106049
 4911
 62033
 82109
 43155
 374327
 29564
 494527
 288267
 924262
 418052
 127962
 110373
 701473
 96770
 399458
 794780
 455123
 71616
 396063
 73627
 566657
 308484
 485797
 940229
 726124
 342732
 186199
 980175
 341034
 281851
 684782
 639677
 379180
 625319
 590509
 557643
 251017
 717444
 229652
 111958
 54040
 13123
 443198
 818985
 851032
 946229
 566000
 863902
 39413
 439619
 679322
 29942
 997459
 981266
 81656
 797979
 745137
 449387
 501624
 630484
 448275
 933264
 897924
 240840
 114380
 319101
 969
 128258
 552054
 455918
 56448
 419189
 39548
 372899
 41119
 483484
 736817
 898382
 196281
 102669
 329992
 267083
 734143
 616556
 183787
 978040
 462686
 210836
 722901
 620651
 114859
 562492
 770647
 383232
 98149
 854396
 269655
 476955
 569605
 827702
 586768
 183692
 135203
 865260
 433986
 363163
 11722
 123188
 600804
 404669
 762520
 967337
 786802
 406593
 30303
 724246
 352652
 921051
 666231
 879188
 231286
 602125
 325143
 459899
 566500
 983957
 106425
 119791
 616983
 160193
 327085
 554585
 367458
 996587
 526670
 470799
 710920
 2577
 64442
 187687
 680834
 143483
 144399
 125850
 788990
 373616
 318107
 67930
 218210
 701611
 399432
 332149
 702274
 711865
 96235
 875244
 728763
 269675
 415094
 190450
 161815
 528514
 708203
 323356
 798968
 889269
 380919
 618758
 283865
 149352
 354525
 196424
 483091
 250063
 992490
 493074
 322223
 866443
 536139
 817245
 140012
 859574
 27282
 248704
 177885
 970205
 987750
 130776
 702019
 429775
 484406
 426485
 257002
 757583
 882556
 994157
 840065
 580897
 498513
 363927
 173378
 605396
 340766
 154713
 881069
 790332
 178571
 493787
 239898
 534254
 806333
 673924
 345549
 845622
 767217
 946957
 950427
 356752
 97560
 74186
 442825
 173264
 872309
 981024
 751074
 862801
 179444
 313063
 823437
 711296
 490685
 16574
 671572
 718929
 558441
 604486
 344319
 438312
 733921
 388964
 399999
 16145
 589270
 520922
 856414
 977777
 440865
 201092
 42709
 617244
 129996
 180553
 923716
 800816
 172305
 561536
 658095
 262023
 292292
 527579
 571132
 478210
 9189
 8578
 312459
 848930
 770114
 912067
 347457
 217942
 786321
 1947
 850292
 667858
 166836
 942571
 343976
 904276
 172836
 338733
 497826
 752358
 670613
 655492
 117194
 454077
 74825
 78381
 86391
 618581
 227586
 524984
 982663
 756178
 914119
 694633
 886336
 621209
 651795
 664518
 356014
 823787
 10289
 844989
 128770
 168385
 382610
 428962
 702198
 454982
 789605
 528875
 93353
 938029
 915298
 821066
 833984
 721179
 503520
 793645
 290197
 27118
 275116
 163837
 735752
 530057
 512027
 727615
 255663
 453052
 196247
 239482
 74222
 55243
 110484
 850065
 989468
 795779
 431489
 491633
 395903
 383925
 901585
 475311
 990607
 137086
 839569
 540460
 70864
 993569
 804501
 604543
 461236
 603841
 699051
 512661
 935663
 793591
 582774
 386728
 977640
 525092
 998694
 188653
 629327
 207435
 402665
 801841
 38008
 518379
 979255
 810761
 28554
 754363
 123340
 364073
 798634
 78462
 108419
 360255
 807097
 449338
 918804
 979828
 21511
 817683
 411190
 760983
 620367
 673637
 343936
 121531
 9416
 695372
 583217
 369463
 105412
 481158
 802729
 13555
 957528
 490797
 546709
 975892
 652150
 60070
 678069
 791082
 622678
 183789
 49459
 633608
 142857
 461988
 133280
 989485
 768859
 747318
 641432
 26331
 446952
 488323
 1497
 302485
 785875
 555001
 185630
 352142
 220856
 196195
 712482
 252668
 787020
 901160
 662787
 404297
 868005
 636547
 494455
 232551
 220338
 646275
 745321
 494768
 217840
 711534
 939362
 904329
 518932
 787905
 751677
 844381
 342028
 242619
 343631
 866176
 215146
 3216
 737701
 353483
 275807
 652746
 562942
 951456
 163473
 160853
 524444
 819698
 80641
 320307
 975324
 314494
 416890
 938598
 525961
 668284
 409995
 523943
 266834
 327647
 288040
 822702
 828286
 115263
 933700
 446195
 620155
 335517
 149517
 355822
 213084
 298362
 14822
 908146
 985010
 227649
 724857
 997449
 624856
 474524
 488083
 607765
 268041
 819189
 586772
 498563
 898147
 862532
 914985
 3442
 283299
 996490
 59440
 943897
 850107
 915419
 954115
 237381
 713998
 215759
 376991
 268599
 619443
 804603
 501231
 950927
 890605
 675818
 528134
 810593
 171790
 214996
 533073
 469557
 216326
 944855
 848537
 903372
 844347
 378906
 914960
 617744
 462511
 238197
 169039
 521691
 778962
 580232
 825361
 463818
 841597
 693975
 829099
 211311
 725185
 46723
 718726
 724076
 560229
 901513
 9708
 807635
 928902
 241182
 319348
 652045
 271536
 395397
 980506
 689340
 975729
 371576
 134732
 845771
 205779
 490459
 62683
 141652
 891438
 93099
 580580
 687060
 541780
 364995
 874502
 100763
 507566
 683067
 741641
 220618
 770867
 644687
 489977
 313777
 167435
 267008
 633433
 361955
 570466
 341485
 234593
 531113
 626031
 148643
 348641
 665747
 175654
 375255
 436941
 79308
 715364
 334035
 221955
 281312
 67319
 327900
 735541
 824446
 398373
 482159
 466834
 195659
 402628
 171180
 150684
 307266
 764608
 175666
 495114
 227929
 189753
 268031
 853453
 146487
 43189
 54107
 776461
 11597
 591439
 365503
 436469
 825008
 658367
 319774
 443729
 306073
 680770
 335154
 505269
 826489
 254795
 649047
 851873
 767241
 39657
 848332
 909536
 862341
 268657
 101504
 647420
 801275
 46263
 213493
 776051
 469244
 490636
 236846
 94608
 603421
 941958
 347996
 659699
 336894
 645137
 724314
 307630
 694581
 660511
 358243
 373154
 474741
 43404
 560042
 979771
 735722
 31741
 430441
 118927
 730928
 191276
 458519
 908304
 443137
 302554
 771323
 410339
 673175
 129242
 147449
 858423
 422460
 961777
 939228
 843707
 396871
 721958
 131221
 813752
 160472
 146264
 760613
 62634
 400040
 543712
 345991
 666666
 927391
 518250
 960688
 298628
 518136
 83454
 429500
 869898
 638432
 446625
 117676
 766691
 818840
 743946
 256472
 392329
 765651
 751058
 829690
 941858
 13429
 204176
 334094
 171500
 924224
 506542
 449721
 192661
 535781
 792951
 906746
 704951
 656401
 992292
 420051
 833522
 624966
 46411
 379847
 231397
 459459
 929857
 30070
 464379
 502819
 541437
 691517
 886440
 662423
 971040
 967162
 803368
 703763
 523437
 792844
 591848
 434893
 780420
 620649
 964082
 317654
 53162
 90008
 608446
 93384
 215064
 313043
 731729
 820490
 808083
 601007
 346938
 339260
 916025
 960653
 464454
 812070
 956930
 538218
 571637
 742653
 691179
 637145
 16672
 441762
 662477
 597206
 16628
 748212
 2924
 326754
 544638
 263387
 776698
 731394
 692983
 361467
 96601
 711798
 131449
 817829
 675067
 462437
 265757
 448615
 920305
 56220
 869606
 541840
 390423
 145329
 888931
 665845
 380815
 15024
 605523
 308543
 348607
 526111
 946722
 283170
 622835
 164926
 918974
 209200
 713504
 460883
 959324
 246169
 906516
 965380
 697434
 392126
 974271
 943575
 299274
 605227
 29085
 268616
 980841
 124755
 72761
 159635
 60990
 747180
 456544
 670366
 553930
 97691
 139675
 656964
 287697
 669740
 736955
 149045
 597034
 961439
 579452
 324756
 841664
 496881
 620590
 103595
 299598
 274370
 964671
 830640
 954166
 963545
 660217
 464968
 528089
 58236
 300800
 774793
 610977
 640484
 997016
 661153
 687253
 232773
 346774
 889952
 203801
 777306
 5071
 578979
 219550
 593337
 391116
 340617
 36533
 297794
 365689
 345302
 316001
 744669
 438134
 134681
 675984
 695051
 576769
 601324
 930141
 765887
 347622
 253296
 913528
 950172
 763887
 637611
 162742
 446819
 846492
 14838
 502342
 760402
 20701
 466500
 495038
 420221
 104154
 388588
 626794
 610880
 449631
 221773
 255096
 511280
 486038
 595468
 31238
 173800
 970358
 578245
 878936
 83229
 769360
 705176
 130645
 873524
 672880
 37119
 856260
 0
 100058
 266458
 426791
 201713
 976696
 557266
 453806
 389580
 831904
 394552
 381662
 137502
 165889
 279662
 384117
 573708
 633802
 9924
 276329
 176312
 171835
 691465
 823232
 546268
 121431
 667111
 182501
 759769
 580136
 80090
 512894
 219847
 442538
 266742
 701215
 394910
 111985
 275411
 434330
 841401
 281785
 934131
 654983
 780319
 495086
 907216
 574050
 999479
 323893
 832535
 917986
 559992
 209567
 282785
 527809
 844479
 75505
 23916
 327427
 634287
 618454
 888631
 841980
 384026
 872449
 222652
 941176
 246437
 784111
 696118
 72519
 31727
 932023
 479257
 719853
 986743
 476765
 167559
 308929
 966390
 803127
 274558
 268587
 188490
 59199
 605408
 859816
 779611
 279614
 625694
 284430
 447688
 183194
 293727
 170158
 501026
 548088
 35294
 924701
 574
 948717
 457999
 211042
 728804
 130848
 819876
 848737
 358767
 890173
 916497
 458809
 208712
 272752
 997329
 400588
 144860
 584615
 741187
 928928
 480225
 343032
 557029
 330095
 916039
 546371
 70856
 330446
 593964
 69257
 528284
 599026
 697957
 292293
 51277
 737841
 131243
 421380
 361350
 808619
 803656
 861041
 97413
 441363
 521150
 557020
 23519
 658344
 202801
 820189
 340899
 426822
 572956
 384289
 333364
 726074
 802025
 636544
 291638
 673040
 186366
 326414
 77239
 985049
 584163
 378535
 114128
 578250
 503952
 635179
 923917
 773013
 732190
 783512
 769230
 343137
 755189
 132526
 123011
 765
 588128
 679503
 721915
 313669
 716615
 624852
 343589
 883114
 354274
 690858
 815874
 85702
 828649
 146736
 326095
 167883
 522064
 587766
 106106
 117514
 701136
 668449
 680338
 612007
 855120
 133665
 760269
 792229
 894977
 202526
 524634
 940520
 393217
 846975
 988850
 663749
 636871
 170148
 323219
 965732
 19550
 488540
 209800
 276993
 266164
 455448
 870947
 177365
 713091
 710663
 28475
 754518
 875925
 116781
 322427
 866038
 994746
 569410
 168270
 592362
 548567
 881202
 113359
 402564
 918958
 971085
 428571
 687262
 709674
 933412
 201424
 680820
 312160
 635878
 279807
 118676
 645093
 337227
 213923
 697851
 382817
 931734
 217640
 445049
 563954
 881344
 946985
 753351
 224448
 375282
 139081
 879905
 23627
 354175
 701173
 216598
 421710
 581133
 805781
 49470
 301600
 395598
 266460
 145582
 167388
 298564
 88581
 708511
 790455
 72959
 585854
 843723
 304906
 975725
 383823
 956749
 637697
 661557
 824606
 236313
 399080
 958742
 280255
 355428
 159709
 394719
 632746
 83352
 605886
 605001
 433259
 62063
 60091
 836305
 399723
 223746
 95393
 127934
 854320
 371857
 691709
 430711
 529764
 864605
 626257
 722350
 903604
 924078
 679952
 655221
 604147
 707651
 342043
 262686
 240963
 103686
 106288
 319558
 484708
 374164
 347621
 246560
 895338
 749563
 670863
 173858
 132807
 160235
 461313
 903654
 94473
 121923
 316954
 432101
 638680
 961667
 381368
 413607
 755086
 393259
 578313
 939490
 873180
 660161
 577658
 831603
 507828
 84244
 26269
 472127
 564005
 44681
 304338
 773085
 542066
 530612
 484145
 301720
 148942
 747100
 600767
 49862
 918435
 510618
 264944
 385548
 580060
 817394
 710701
 400103
 559999
 70325
 418604
 803624
 682769
 354066
 484095
 749296
 222879
 64689
 834308
 906813
 770533
 233187
 66430
 625877
 393870
 940681
 629787
 983612
 921787
 356888
 540044
 331520
 78279
 617984
 422213
 637032
 758476
 760550
 652655
 343043
 4752
 663157
 268488
 187381
 669292
 2941
 37249
 346120
 647455
 525254
 284290
 995291
 524604
 942791
 733752
 243215
 842688
 806158
 161183
 467038
 584359
 355670
 300250
 162091
 855342
 885680
 155344
 637208
 32023
 642992
 480918
 108980
 644689
 850244
 971780
 509028
 700097
 729925
 412264
 396865
 639873
 576743
 772295
 378608
 792754
 150865
 102001
 97667
 160806
 514457
 459252
 662144
 711959
 964638
 966521
 17855
 299498
 695661
 880733
 804888
 0
 610331
 407228
 655338
 41140
 611888
 585619
 789487
 296011
 400800
 367436
 961576
 366432
 841210
 749700
 458473
 43317
 822243
 828850
 46327
 260937
 822318
 744469
 245256
 232116
 602795
 611118
 459207
 435098
 558139
 999706
 695687
 36733
 602936
 258566
 735751
 103475
 676027
 66431
 352941
 205080
 949183
 183797
 620222
 155186
 998828
 82985
 685870
 778790
 663482
 608012
 890907
 890997
 74652
 233043
 605180
 389799
 392579
 115024
 548556
 832429
 314216
 90564
 62893
 121161
 110429
 889328
 691036
 972198
 211267
 793700
 89937
 422260
 204217
 498319
 420646
 465247
 481466
 746816
 314403
 962127
 21224
 486741
 333333
 116854
 837870
 621206
 396496
 899766
 23027
 260049
 896233
 45272
 332333
 409
 493649
 360684
 902218
 847494
 976216
 87532
 160156
 471819
 36879
 455816
 796823
 449226
 796793
 261215
 834252
 564960
 429606
 793353
 757746
 266609
 131211
 97954
 308601
 768548
 658494
 839260
 521146
 778056
 125095
 967326
 824125
 255235
 344919
 745751
 49854
 399243
 995781
 893116
 691521
 927851
 435037
 297740
 439204
 51128
 123265
 701050
 743856
 781055
 335654
 458021
 485902
 810011
 618284
 874800
 81813
 188355
 308131
 68020
 305796
 911571
 382978
 708829
 398878
 429553
 2447
 74620
 456256
 179564
 809649
 889200
 496276
 674576
 119410
 7242
 890
 627325
 8661
 194353
 666893
 642295
 576654
 812922
 442888
 492129
 366160
 542991
 519809
 468164
 611940
 337597
 543281
 7631
 811663
 673946
 639761
 894361
 431714
 169875
 277161
 119702
 716045
 715596
 23436
 961056
 112702
 290083
 13979
 848238
 979423
 444838
 586765
 712662
 107275
 409725
 980756
 965262
 639188
 140450
 690854
 277432
 924670
 657544
 421802
 27175
 106938
 404393
 118683
 632329
 582677
 551993
 139023
 485114
 607367
 79021
 142241
 157225
 942010
 639835
 79236
 604359
 898640
 706425
 889354
 378982
 519125
 349729
 851814
 915291
 80262
 121926
 184485
 313862
 724005
 315281
 68222
 663608
 997071
 408031
 194037
 721439
 90624
 524583
 245619
 614773
 531637
 563443
 694620
 132784
 369415
 872062
 622569
 887314
 527166
 793823
 104209
 135581
 746103
 410891
 553997
 211069
 61551
 213698
 509408
 213809
 688114
 689058
 730297
 852268
 539522
 804553
 173330
 197557
 160821
 854084
 508989
 51060
 698127
 988602
 397791
 646204
 889636
 958706
 551844
 760064
 519656
 171732
 939309
 706766
 405855
 115685
 580243
 605473
 257772
 0
 477012
 316436
 152080
 660291
 584603
 494624
 38460
 532362
 410578
 971382
 333231
 909753
 52032
 992262
 412816
 167068
 767426
 426234
 778270
 501287
 350174
 142857
 533906
 841094
 555005
 477749
 456721
 931362
 372282
 940108
 321157
 387249
 834229
 690379
 238427
 811343
 48902
 972684
 18684
 736202
 995924
 463722
 487283
 26525
 906012
 150400
 967651
 932642
 70514
 857980
 672727
 80547
 194990
 620215
 9619
 620988
 524540
 653465
 208816
 358799
 737190
 755909
 387181
 265867
 448524
 255240
 619501
 208857
 815491
 878048
 795643
 508711
 399738
 114927
 271204
 892884
 151820
 248177
 139418
 268712
 955703
 13526
 759470
 737433
 360432
 909985
 408387
 961048
 646701
 74195
 458026
 387901
 529226
 278607
 7560
 405251
 426052
 221890
 488942
 748120
 72205
 448478
 47751
 801802
 507488
 50221
 272824
 20452
 129358
 473556
 508347
 495619
 637247
 152756
 624557
 635715
 985836
 875231
 886484
 860154
 888176
 955110
 464183
 151085
 729325
 485685
 945911
 424640
 231645
 492125
 81354
 51862
 782769
 371054
 395332
 778071
 689979
 199463
 647201
 313082
 715415
 829723
 402160
 737886
 377139
 211213
 827827
 881343
 636068
 444758
 996326
 210770
 866773
 459178
 882335
 986997
 420825
 490732
 38936
 201443
 158947
 992592
 163169
 983037
 408706
 949576
 590734
 80369
 323406
 120336
 819698
 709536
 45825
 123195
 544719
 682516
 66800
 425012
 912087
 621621
 835775
 82995
 46584
 507918
 694785
 178193
 811023
 458615
 716373
 331170
 103661
 787751
 749272
 104895
 687583
 887441
 480437
 994946
 676988
 454568
 589437
 75050
 965084
 537128
 492483
 358811
 582621
 203123
 487659
 527643
 12074
 176451
 777302
 658896
 706703
 309031
 924239
 679611
 474846
 96527
 814581
 891199
 512222
 720324
 577579
 149999
 45072
 425365
 579013
 470644
 684477
 517699
 151437
 693297
 70241
 996459
 594095
 193042
 956194
 222381
 331712
 112184
 996247
 81958
 973893
 391862
 824496
 727787
 391555
 539940
 6583
 387733
 8676
 70572
 968775
 87664
 424666
 103014
 876712
 154085
 214446
 809003
 753586
 549799
 319107
 343587
 836146
 627789
 656740
 286624
 288184
 794125
 649381
 275590
 168900
 617627
 583015
 582822
 378947
 649589
 953408
 325260
 810055
 419257
 666483
 768626
 480559
 90500
 109952
 659087
 961276
 60732
 498969
 509566
 941631
 781779
 566746
 615703
 615400
 418878
 790296
 71786
 925482
 503386
 343117
 162362
 617731
 800000
 407461
 955499
 449858
 368078
 132786
 642172
 211223
 952900
 660004
 703610
 464042
 191252
 377358
 333468
 769161
 158259
 573199
 682185
 604879
 602739
 435379
 956628
 101045
 518896
 624928
 713778
 274551
 734651
 98448
 673091
 520102
 746145
 314917
 863511
 914212
 756571
 662082
 427494
 780113
 116870
 835589
 936488
 500000
 571030
 250000
 509596
 128340
 817061
 562618
 364656
 5873
 507863
 400742
 243734
 211472
 561994
 432901
 959551
 272126
 477223
 252933
 317926
 792689
 30237
 428962
 456190
 207692
 900667
 350721
 124110
 572346
 81677
 917580
 422550
 836740
 413009
 761849
 72823
 422774
 343440
 150103
 394195
 639033
 72369
 471625
 290945
 738317
 106410
 318684
 917197
 18292
 307888
 447676
 223223
 111374
 603065
 672332
 816464
 291390
 792344
 529270
 751114
 920495
 86147
 990241
 689362
 275907
 749599
 899166
 471862
 838312
 879423
 924452
 169986
 52204
 418167
 257625
 278152
 950114
 937185
 536104
 940907
 77639
 898457
 865307
 685714
 672616
 654386
 181968
 734080
 21473
 49710
 806742
 885263
 723642
 415979
 450160
 343014
 484544
 244322
 794871
 150274
 425970
 769030
 543577
 744790
 606629
 472470
 652336
 461850
 252105
 45528
 421099
 909066
 612903
 529326
 56253
 737695
 687248
 882823
 16100
 596686
 554264
 777043
 713252
 612330
 372386
 203856
 606523
 285659
 692952
 48189
 795730
 397240
 809384
 722742
 187165
 391563
 465951
 358119
 971706
 726595
 653992
 789242
 391536
 948433
 164031
 657801
 292719
 686726
 665271
 374274
 50796
 91385
 629636
 373979
 833527
 55760
 748414
 352302
 691444
 958019
 730069
 660929
 365471
 412011
 683937
 807692
 879655
 20056
 66666
 191319
 991600
 262115
 764468
 149068
 358565
 194476
 349693
 95382
 740074
 408165
 247435
 518949
 770866
 154425
 733006
 747829
 868241
 392405
 301646
 884571
 81568
 337200
 332449
 346698
 619676
 446230
 176400
 616782
 177232
 633927
 841310
 351554
 408865
 305789
 98847
 592193
 229172
 683168
 727
 281654
 245214
 634625
 222666
 482135
 741135
 152259
 382417
 718917
 828138
 918335
 340013
 564684
 623643
 28571
 161010
 899770
 177544
 549315
 651998
 419289
 20343
 975803
 771450
 876456
 906342
 509486
 863090
 434846
 49014
 629434
 111328
 264875
 296457
 483588
 338658
 820896
 877633
 662236
 578360
 116192
 27294
 208480
 554087
 140169
 271285
 512341
 372401
 193650
 264868
 544569
 656554
 862522
 474525
 310742
 119383
 787571
 383455
 106104
 815696
 165457
 519418
 744687
 772729
 487203
 245638
 738032
 361479
 305080
 775504
 60594
 628297
 114822
 370020
 844245
 25915
 947811
 567273
 141248
 566739
 183306
 804865
 962444
 55009
 304883
 755905
 469553
 702064
 247709
 776041
 699551
 586400
 687783
 89516
 965517
 969898
 593195
 631261
 309890
 923201
 431831
 385180
 177396
 939803
 361236
 959654
 645942
 509182
 58171
 891243
 431331
 70495
 675460
 430930
 364881
 127532
 792638
 193198
 21062
 157503
 417239
 703341
 343703
 69891
 827239
 935793
 842582
 706749
 664968
 953897
 462152
 888856
 153291
 406708
 823447
 846124
 202172
 676341
 912279
 895035
 548278
 130805
 104853
 466099
 800670
 239344
 816947
 503108
 608040
 619417
 704943
 975858
 504530
 599723
 190363
 545152
 675213
 429126
 577632
 715736
 653293
 931085
 337915
 660560
 514333
 627094
 133907
 905370
 154711
 940705
 741218
 426294
 285660
 380551
 855640
 894031
 106682
 858942
 338252
 775655
 32698
 780872
 582264
 114648
 314586
 640676
 320754
 525706
 619635
 969417
 853124
 574399
 920984
 701961
 515449
 183381
 974107
 421450
 167333
 704834
 741200
 38266
 509094
 549839
 362898
 161836
 86712
 867656
 754485
 479201
 27465
 617992
 149569
 610086
 784914
 271910
 794061
 815789
 266034
 22873
 478025
 766684
 822178
 711492
 833428
 388430
 447824
 681599
 394122
 213609
 376490
 779625
 20365
 234809
 200771
 249942
 132151
 345744
 11252
 14754
 55979
 797727
 164629
 422485
 928973
 155076
 984048
 47619
 13999
 488051
 318596
 338987
 930000
 101406
 175982
 133154
 946656
 194287
 842196
 320203
 396923
 94860
 709273
 940495
 380806
 506561
 960839
 333636
 46321
 414437
 430726
 742710
 851545
 235594
 760534
 319654
 300411
 306348
 549950
 162430
 978553
 485256
 233997
 958308
 374620
 880259
 282970
 459224
 430249
 671698
 47734
 120839
 818922
 600907
 481303
 958110
 64791
 825318
 809874
 545598
 377475
 603053
 859369
 391647
 412248
 361073
 965409
 398244
 69260
 119475
 412801
 293544
 192307
 503459
 628493
 860220
 923225
 18324
 947775
 683705
 689655
 861629
 426024
 711632
 824608
 468008
 982853
 393893
 335425
 711779
 794691
 296450
 340065
 599675
 61232
 373487
 713206
 112599
 937629
 47389
 500957
 687407
 275765
 647311
 486459
 642009
 97201
 778487
 579792
 124726
 430378
 360221
 457700
 813948
 896507
 840372
 296934
 524649
 25413
 313300
 532148
 571268
 470974
 949673
 370776
 792982
 221656
 245444
 449051
 24096
 218838
 98259
 731653
 370426
 833773
 843498
 285841
 563259
 614001
 982203
 185552
 535571
 841621
 710965
 61836
 771039
 183840
 522388
 717823
 856931
 835502
 627188
 226974
 914198
 74380
 650298
 669395
 64980
 317769
 808058
 523605
 643135
 455061
 25434
 647289
 190287
 643843
 71383
 266841
 623416
 459660
 766013
 698047
 523974
 819634
 731277
 618549
 365176
 522265
 883731
 314782
 269796
 408124
 555843
 407789
 890095
 267409
 421805
 452240
 384771
 133041
 774168
 410372
 86856
 96349
 257404
 595432
 659085
 617819
 382946
 876731
 195886
 32599
 109260
 505966
 477488
 514746
 2007
 251826
 480123
 246053
 457085
 697171
 795657
 983606
 912171
 341842
 862096
 550615
 565207
 911208
 477313
 801364
 273384
 111338
 806131
 922006
 881569
 122253
 457574
 232797
 863214
 708029
 26694
 302325
 27749
 914233
 889551
 591963
 431929
 16849
 942087
 550657
 821192
 849004
 58839
 207794
 444020
 937005
 572155
 346379
 392560
 996531
 777283
 163005
 400000
 814999
 309708
 730775
 602329
 462596
 847161
 740626
 389026
 337786
 245423
 976943
 889850
 360188
 654618
 532759
 521978
 101214
 316761
 850206
 302931
 161862
 637336
 858550
 126608
 21610
 775886
 195752
 514898
 70164
 30905
 987710
 613150
 658217
 53224
 704797
 389540
 289284
 162344
 387576
 843519
 96607
 495135
 996228
 32125
 914570
 736878
 520328
 817959
 953488
 419205
 727416
 158248
 428336
 711613
 126315
 402390
 735999
 682666
 571669
 514962
 233070
 322503
 396739
 424804
 679280
 498741
 885881
 225522
 802024
 537534
 45422
 465219
 658341
 363966
 850220
 917464
 70918
 144758
 495626
 556156
 457369
 131549
 99485
 615404
 332953
 974730
 590335
 661454
 518736
 798844
 537845
 798250
 213733
 193555
 683595
 522423
 85082
 663703
 680705
 598146
 139965
 74722
 8502
 976881
 48814
 109547
 227622
 676490
 517505
 968853
 472203
 803918
 751991
 839733
 572719
 874931
 316298
 574126
 661171
 949274
 725077
 597452
 201740
 701149
 513336
 589474
 959425
 271425
 494204
 486618
 902858
 294838
 644710
 182587
 525743
 242753
 292642
 971621
 447826
 376514
 321858
 969453
 227083
 669824
 624315
 790077
 199226
 488590
 323176
 566572
 705782
 286273
 58319
 729688
 325468
 816535
 280554
 577258
 261872
 447024
 203892
 681455
 505578
 414360
 438743
 23913
 362695
 12857
 703930
 532986
 298256
 345104
 693069
 865384
 252040
 333595
 340328
 387104
 51915
 53348
 301015
 640023
 288116
 240466
 384690
 230846
 754314
 983277
 36792
 11893
 294117
 730496
 387290
 619487
 574564
 312337
 174776
 99047
 252427
 617088
 608310
 615230
 636029
 767775
 391493
 101105
 150225
 713089
 468892
 506788
 226211
 336028
 867731
 592271
 113665
 518774
 883720
 759963
 274250
 770732
 856750
 417981
 397787
 784435
 49762
 318681
 541938
 383893
 121727
 944254
 497002
 47151
 431889
 422748
 550000
 910794
 166469
 153685
 712336
 205588
 629034
 393612
 775119
 842249
 34339
 339747
 484088
 773039
 117220
 442218
 574580
 119683
 367647
 909447
 527177
 418079
 508440
 66472
 561797
 516719
 373346
 662480
 603181
 121734
 392201
 448315
 813884
 826075
 776712
 128942
 577557
 934635
 399517
 590685
 390992
 335915
 223538
 637354
 558383
 711864
 282704
 615083
 868110
 639323
 494611
 651289
 854562
 789869
 827783
 119155
 85714
 292778
 43399
 357511
 105852
 224361
 872985
 134873
 388868
 23188
 799163
 375939
 305502
 306940
 67296
 819583
 918704
 32137
 858147
 160889
 392653
 20879
 588947
 123223
 234186
 119650
 542440
 856111
 520500
 634085
 320511
 53130
 158253
 336916
 982969
 664690
 868049
 391146
 8114
 126646
 23280
 71972
 973047
 607003
 477558
 241819
 92319
 802882
 271607
 685047
 224264
 749034
 942194
 190304
 518125
 301628
 607788
 877143
 6026
 680851
 771772
 138804
 789461
 784892
 39938
 864215
 798010
 361553
 665852
 643927
 571930
 929203
 471522
 634255
 201369
 209525
 199357
 99035
 744680
 744868
 265181
 897274
 939035
 305850
 482159
 41656
 994619
 532923
 448844
 387166
 298913
 465159
 476190
 82568
 823170
 570438
 650642
 154541
 609600
 46224
 744202
 445223
 672668
 279703
 592205
 91823
 381672
 280812
 818423
 894060
 542841
 90976
 59470
 157707
 580487
 254621
 851675
 612345
 790424
 552075
 974453
 407804
 395742
 532124
 943956
 4499
 322878
 759053
 760745
 372357
 520295
 454756
 85492
 622266
 125920
 837549
 315848
 48977
 260298
 547626
 309017
 190622
 496571
 77580
 199066
 237364
 833004
 845019
 23281
 178834
 313883
 112717
 217624
 178403
 327590
 160454
 974217
 41359
 770253
 762581
 802774
 313675
 937395
 583982
 411047
 181391
 57512
 926578
 549036
 70081
 899602
 27656
 774162
 432707
 62895
 204708
 686513
 335401
 208673
 186383
 579036
 113435
 270915
 151256
 460989
 797481
 472222
 780114
 242460
 938591
 669514
 581552
 869248
 834182
 305086
 251059
 688833
 962948
 766352
 907823
 564258
 578918
 762795
 656334
 170870
 643386
 318138
 495247
 884103
 81300
 203373
 884660
 84648
 634155
 409024
 887259
 399488
 783132
 404695
 746350
 396652
 888333
 265232
 350259
 863805
 927702
 804264
 896215
 927212
 214435
 350769
 755979
 206156
 995497
 76997
 339497
 865490
 271291
 268731
 244614
 205709
 536243
 319649
 867441
 719889
 756756
 645063
 248983
 622621
 158368
 825106
 191116
 695201
 942387
 704295
 832088
 372369
 87019
 948023
 75000
 874677
 586587
 551368
 566881
 468787
 464718
 405690
 165317
 849034
 804298
 46306
 31936
 728365
 636620
 502202
 602750
 394673
 760805
 259746
 42973
 173559
 234347
 32481
 580081
 440364
 852261
 675640
 801567
 760507
 72950
 970981
 713475
 287427
 294233
 162379
 905900
 186652
 627677
 975077
 611548
 611764
 894552
 231863
 875756
 297310
 372
 571428
 55643
 320345
 28982
 210417
 922626
 257816
 58450
 277372
 869767
 793986
 515038
 410557
 622487
 115314
 105860
 598748
 203610
 606235
 327630
 871007
 733672
 380262
 427937
 991219
 56361
 68063
 211764
 482271
 747348
 383529
 893210
 232729
 523671
 581425
 561353
 590747
 916579
 585285
 382723
 782984
 118758
 28337
 77712
 79470
 72837
 952843
 889533
 194174
 898962
 164939
 756285
 314004
 464327
 140338
 131200
 52791
 99065
 594128
 98761
 506259
 337685
 703794
 251660
 720701
 82678
 470786
 633225
 567567
 666706
 353252
 512111
 724018
 809164
 248405
 351125
 889066
 804560
 233313
 192703
 92387
 806044
 145904
 590518
 712485
 83470
 735445
 726478
 574392
 841472
 196546
 562065
 696868
 305082
 167552
 892711
 586694
 431056
 647186
 625826
 301057
 803558
 186449
 902592
 420233
 733571
 63381
 612521
 549261
 335113
 978861
 588832
 838926
 447368
 734628
 352091
 695189
 620362
 641221
 573896
 48135
 183313
 42923
 573766
 623632
 970330
 813273
 243184
 460532
 448375
 827175
 641301
 97713
 370957
 384033
 552032
 346872
 35549
 10124
 336254
 799156
 946526
 225335
 6807
 550282
 581406
 321533
 643297
 690528
 759282
 374073
 267572
 382929
 598601
 920146
 744393
 777343
 112398
 272426
 174354
 841180
 49937
 847409
 211938
 140420
 941092
 25751
 928367
 896662
 274917
 906453
 530070
 92905
 192711
 51557
 250251
 364092
 895279
 384156
 793482
 306146
 170267
 455887
 416039
 738884
 994059
 953651
 654295
 47658
 211206
 267944
 513739
 13198
 210646
 274328
 203880
 645995
 227355
 291534
 211541
 176094
 694439
 980676
 691903
 764283
 871585
 975975
 760000
 661718
 935566
 91005
 886866
 428057
 748722
 44926
 16436
 80536
 822412
 973114
 827537
 73820
 212026
 373352
 258949
 583529
 247866
 997419
 895973
 625441
 465020
 842657
 950234
 504072
 224899
 821101
 456952
 367681
 876124
 771240
 690738
 854120
 523364
 28852
 687942
 117726
 73601
 900305
 298408
 479684
 994327
 718418
 266033
 350125
 729460
 618374
 851612
 414948
 258862
 547807
 891511
 188502
 989202
 813440
 210945
 417351
 754023
 533402
 992729
 245772
 670444
 430161
 490216
 138328
 710643
 482778
 41399
 712912
 633406
 919432
 216357
 583733
 131205
 996776
 422259
 350895
 169022
 166787
 824896
 903225
 220680
 313384
 549105
 22574
 109215
 393316
 678129
 819565
 964811
 572598
 798833
 314756
 629067
 221374
 125820
 61763
 872832
 153846
 900847
 147683
 151453
 720615
 105072
 393939
 183651
 349099
 429413
 44537
 450269
 104655
 81120
 960579
 768756
 445088
 889108
 368506
 954937
 385478
 531548
 773182
 414797
 141942
 379601
 318074
 122884
 424706
 747056
 191417
 819730
 870795
 590048
 371735
 455259
 47709
 572139
 23831
 65245
 217881
 322595
 903074
 915840
 375294
 604938
 857285
 682669
 667444
 394891
 933271
 280447
 659334
 287388
 61190
 718539
 134334
 128923
 228487
 49275
 810374
 992238
 41329
 658067
 958575
 619377
 743816
 365183
 968606
 39516
 554528
 757763
 408190
 373233
 381226
 130794
 325478
 720983
 381621
 805107
 804741
 496684
 546681
 870785
 323592
 625213
 587149
 636740
 266827
 652441
 300290
 18479
 24630
 811397
 17899
 684184
 561719
 597830
 694532
 949723
 560386
 262219
 513265
 744544
 849290
 193853
 548157
 528497
 578950
 443978
 765581
 193917
 158934
 533422
 994978
 424942
 810032
 907025
 363947
 255638
 705675
 143728
 577369
 813607
 933618
 54545
 715355
 447950
 168343
 732542
 531272
 107672
 612841
 62952
 59977
 616556
 48958
 584505
 414353
 791752
 809109
 352727
 983517
 311301
 138871
 623042
 771974
 154913
 77019
 575396
 339331
 400654
 226592
 509217
 889669
 507189
 352116
 197834
 546456
 240759
 225375
 818597
 425026
 150777
 730075
 98877
 809324
 288533
 1170
 239560
 815804
 584882
 927275
 614369
 495852
 342129
 139452
 562994
 590437
 831625
 818806
 776214
 696667
 225770
 939543
 210968
 673535
 504017
 330442
 48974
 957917
 772978
 330435
 365816
 456408
 408809
 734810
 62889
 50938
 118919
 94974
 205006
 685950
 281893
 580450
 137737
 791225
 579462
 166699
 177510
 346666
 355746
 967420
 8043
 676124
 100865
 68780
 780219
 320985
 555237
 30341
 786593
 717642
 62789
 248621
 459204
 478305
 426818
 648108
 89887
 455642
 670530
 538642
 191689
 800419
 216461
 97987
 118297
 176470
 710797
 477289
 670196
 376360
 447153
 653594
 380403
 265804
 499554
 91644
 659911
 221178
 65038
 935448
 406025
 38515
 447054
 591082
 415504
 31490
 877143
 489136
 299990
 513472
 409550
 694884
 493095
 390605
 658251
 366763
 854071
 539247
 296470
 604395
 759317
 279898
 718111
 465489
 711200
 943593
 222692
 462559
 292338
 691341
 598345
 30939
 653625
 694204
 915689
 585786
 27700
 394366
 73426
 928582
 346235
 860947
 341530
 908144
 818827
 696634
 593516
 489596
 784050
 787878
 421626
 744680
 587414
 32744
 395824
 969722
 259720
 607210
 170877
 592298
 201599
 103824
 400791
 91863
 311943
 366233
 654408
 607395
 325526
 878694
 642138
 248587
 758612
 288372
 836380
 321045
 496147
 120404
 971319
 322295
 864543
 722312
 614646
 459989
 973987
 746164
 169433
 169689
 130148
 83850
 989864
 571948
 590977
 194967
 498863
 722557
 319148
 596578
 912475
 6711
 479111
 398946
 457176
 24113
 301011
 759019
 838000
 592767
 760660
 770211
 884401
 942295
 372923
 796791
 55189
 337288
 341899
 52398
 451612
 778341
 501432
 937495
 253761
 653073
 80442
 48255
 184681
 427841
 371580
 575258
 841362
 647112
 838742
 534837
 609501
 185035
 452844
 150882
 818045
 463363
 64318
 11948
 167901
 607072
 618463
 524362
 402160
 494434
 830948
 804960
 296844
 207888
 634282
 577380
 514885
 91767
 64142
 33550
 829235
 833449
 609411
 54309
 654908
 508052
 584583
 180612
 816018
 651710
 889090
 204907
 146750
 711813
 484945
 249673
 510906
 46436
 945059
 511284
 312796
 756841
 665000
 300338
 256544
 355998
 957615
 597728
 720487
 852592
 719879
 537692
 431182
 774534
 913238
 72810
 504507
 286957
 124691
 94917
 794128
 961970
 587345
 228571
 132637
 688885
 299898
 860215
 372108
 349794
 588737
 394957
 950646
 417367
 196293
 541488
 755922
 461114
 18688
 698174
 101121
 721539
 385119
 104915
 894912
 323038
 958636
 486814
 852938
 33921
 406661
 923749
 906422
 2164
 171889
 672076
 14780
 600317
 129511
 841128
 463881
 272124
 170323
 77098
 325790
 704438
 765256
 152529
 248900
 777060
 795289
 45046
 533678
 262594
 896633
 946937
 694989
 269081
 928768
 834518
 558303
 650911
 889356
 416260
 389783
 734317
 248105
 260980
 225214
 707830
 289855
 557344
 105343
 269754
 763623
 924444
 73418
 691634
 508912
 719999
 213612
 945910
 336198
 178715
 793390
 496425
 519683
 20967
 530949
 647629
 649664
 808442
 830046
 906649
 7677
 808753
 583815
 647971
 96160
 28185
 464029
 233297
 106959
 536116
 296699
 470180
 253761
 43780
 1756
 373580
 699443
 440129
 671276
 870515
 383039
 193607
 330928
 570874
 777044
 973950
 577528
 9525
 405797
 845814
 964063
 200513
 315045
 119288
 342821
 791729
 348031
 375447
 966308
 70279
 562430
 663268
 762277
 538461
 875149
 926388
 762562
 451395
 208716
 861062
 480333
 873107
 90909
 187022
 293235
 205056
 379526
 334641
 10335
 119966
 729547
 162968
 794984
 103504
 657008
 283833
 506555
 605812
 977855
 66341
 51989
 27071
 205131
 448393
 812614
 987878
 866865
 640341
 618177
 942082
 979941
 254392
 338606
 533323
 668335
 162097
 242108
 250881
 202366
 613167
 229969
 32902
 3758
 572141
 322735
 780664
 999468
 806860
 974096
 537406
 826038
 281548
 13683
 22962
 216216
 193269
 135681
 784440
 433654
 266869
 953596
 502840
 885437
 628911
 834935
 938250
 272030
 595596
 715987
 86147
 199985
 20217
 111659
 159731
 642041
 929999
 903219
 311003
 148475
 753444
 660527
 789167
 978481
 118895
 980188
 631971
 928571
 464688
 709472
 995620
 54615
 955048
 333989
 335069
 975298
 758143
 366185
 573272
 253521
 576716
 145695
 240718
 726727
 396089
 491525
 401215
 694780
 170564
 635756
 712923
 882680
 294611
 555474
 996633
 443221
 978578
 326711
 595667
 876674
 206329
 865306
 305597
 900259
 505415
 54133
 581983
 342249
 276688
 773167
 181619
 325752
 975217
 552511
 401826
 56168
 684909
 718612
 553027
 115437
 173899
 114567
 378414
 278138
 115042
 378273
 435404
 585580
 487153
 395419
 276272
 550671
 514028
 960164
 835273
 104579
 415094
 882754
 544578
 513783
 217063
 859971
 362229
 36909
 666666
 334150
 296156
 344437
 672531
 146541
 451134
 386594
 443871
 947334
 570234
 402357
 351844
 509183
 352786
 380638
 522130
 96104
 661736
 422401
 32955
 827968
 198752
 844742
 610191
 977032
 88698
 533596
 247461
 811291
 473293
 669978
 55254
 979777
 525842
 394540
 898708
 614956
 153112
 624745
 872531
 81510
 505381
 757034
 630939
 0
 245986
 479403
 828998
 661290
 490979
 163017
 732411
 575321
 154336
 57367
 959574
 514788
 600055
 820935
 847440
 549436
 452283
 601305
 185095
 548762
 749270
 681128
 340871
 821471
 361306
 220745
 280483
 173117
 146093
 509549
 367478
 247682
 555188
 891855
 731201
 289308
 563246
 437546
 3106
 600191
 207822
 86412
 432562
 256235
 330265
 887167
 944929
 226832
 853595
 173781
 204345
 510184
 882882
 876754
 318418
 703290
 952143
 413719
 529142
 973810
 945071
 574065
 299636
 793453
 34793
 203007
 716391
 119211
 509947
 926760
 97250
 774774
 273706
 776158
 241650
 754716
 100032
 921002
 173919
 427105
 158069
 652764
 928119
 255661
 694381
 847139
 962130
 92135
 935579
 783505
 370143
 65383
 883072
 130401
 552671
 359612
 469574
 985722
 60089
 408145
 436616
 298163
 837495
 364425
 235722
 344701
 96615
 676498
 459572
 563871
 698871
 823529
 2744
 642479
 420485
 262171
 222605
 496583
 889048
 334879
 119999
 980021
 284804
 419595
 534995
 471113
 349253
 897874
 587274
 691143
 752711
 154626
 634996
 290588
 452878
 510566
 880138
 993891
 74539
 605507
 65735
 922643
 480149
 710589
 296861
 737757
 10621
 995525
 129420
 675791
 31350
 797951
 92391
 332575
 88322
 224019
 949329
 622567
 888506
 557175
 628032
 149559
 218774
 6915
 739599
 102214
 577797
 143674
 942587
 384201
 818103
 96436
 419100
 878078
 999581
 287898
 828517
 191040
 660390
 810257
 582375
 346647
 450890
 930735
 444877
 6581
 696604
 915376
 519015
 978937
 950590
 392925
 667884
 756613
 602186
 725637
 397752
 913725
 920404
 97776
 871547
 292595
 694303
 57406
 944820
 492437
 920313
 878936
 659210
 356879
 986052
 584884
 975609
 102870
 141121
 524882
 175719
 980694
 486552
 349667
 229947
 792863
 942657
 426459
 491351
 75494
 893329
 564102
 936848
 417450
 57742
 927383
 891038
 542472
 685662
 928094
 3179
 96643
 458471
 933228
 805707
 55074
 952710
 763090
 860485
 274854
 735082
 606297
 374823
 970908
 697612
 515839
 992987
 397010
 422253
 190460
 183686
 638485
 439804
 742160
 408061
 413513
 45425
 603554
 720482
 344385
 910195
 649862
 529348
 967155
 721393
 684780
 78930
 967800
 430751
 354043
 902050
 211493
 176663
 578255
 451303
 889491
 199744
 210572
 218195
 573790
 956396
 797452
 23895
 63480
 83324
 829674
 889269
 541795
 504418
 766781
 261807
 371655
 814871
 358047
 553199
 67265
 677512
 523031
 975433
 489882
 967269
 585024
 928179
 683208
 994735
 318403
 993865
 752727
 202591
 585437
 213811
 30227
 176662
 294854
 36549
 700781
 744583
 194350
 704206
 393652
 997292
 714285
 6423
 12199
 40485
 242631
 774368
 766550
 549231
 208872
 854754
 567642
 972337
 61470
 991795
 81370
 69941
 410417
 217964
 363115
 611499
 403996
 898398
 107972
 558773
 263236
 450002
 13311
 696273
 629244
 854111
 302897
 628944
 546831
 145818
 553234
 883831
 465093
 461592
 437450
 987636
 911510
 828393
 493797
 583980
 539969
 19246
 827025
 555117
 396775
 492155
 794079
 570981
 183755
 590472
 892471
 297532
 122876
 895439
 438695
 493574
 425562
 493388
 630853
 133609
 167834
 552138
 335356
 88495
 746904
 743066
 626942
 981023
 732621
 480506
 462494
 769453
 92793
 772227
 4235
 714285
 311723
 180021
 777239
 47139
 971270
 144734
 287868
 435034
 423003
 142979
 910779
 587222
 317476
 727197
 253616
 481347
 775073
 662032
 677579
 733293
 361406
 310066
 463729
 253652
 403195
 152333
 84609
 514715
 402895
 65054
 343852
 340826
 896909
 989200
 89556
 703933
 721585
 364580
 411707
 742698
 308522
 732422
 849836
 834501
 372246
 263695
 536680
 111439
 75413
 158797
 677007
 765063
 86558
 75681
 290322
 744480
 480930
 666666
 539722
 830428
 539728
 133910
 445088
 60005
 44843
 265897
 796728
 628600
 595779
 677078
 745005
 144238
 429103
 930503
 279393
 325927
 827582
 929062
 967734
 191156
 113740
 910204
 773252
 285714
 519221
 969800
 620052
 772367
 850434
 253754
 50133
 920799
 343652
 171366
 165982
 252005
 34201
 878988
 469778
 48314
 679854
 838558
 521873
 562598
 925755
 191406
 102848
 2980
 464041
 808612
 181506
 780258
 900277
 615346
 865586
 814304
 50083
 357191
 219787
 25670
 452033
 254730
 117893
 322550
 809476
 161758
 830571
 695155
 475783
 705519
 586614
 35583
 427631
 323946
 7243
 277482
 375432
 36468
 269322
 566027
 867592
 582410
 913486
 842333
 459141
 817793
 392456
 608979
 265980
 440354
 373239
 954351
 877176
 314623
 121226
 375301
 769183
 620343
 987875
 339748
 856528
 204080
 263285
 33348
 911760
 802320
 381535
 794219
 923584
 905273
 649350
 766731
 914548
 427886
 156971
 801950
 963859
 406294
 970196
 290460
 928688
 111251
 336737
 920062
 953083
 471006
 361254
 173646
 582861
 872769
 666464
 372144
 87847
 912621
 747745
 875271
 441150
 629199
 501136
 851429
 948570
 1496
 645412
 956457
 544792
 736225
 303870
 168733
 275517
 567640
 845043
 496709
 425612
 220838
 922226
 722081
 524021
 756781
 696569
 269855
 621770
 78413
 248101
 764841
 19034
 315850
 97076
 647118
 53185
 130186
 320294
 40466
 781808
 890896
 138697
 119440
 69780
 329163
 294689
 844455
 474056
 149435
 909103
 111111
 996252
 516311
 945236
 472811
 517766
 63242
 95603
 824721
 134334
 984647
 391693
 94880
 714640
 166177
 447442
 430886
 637334
 402550
 729573
 596491
 228365
 813644
 151128
 877448
 61277
 296615
 761133
 741075
 904039
 433070
 551932
 531431
 510112
 715386
 319440
 698860
 196762
 946521
 817831
 399952
 602548
 558220
 899640
 707684
 638805
 257203
 798826
 95589
 869333
 780487
 678813
 580869
 260926
 615040
 527292
 458732
 173954
 194631
 30190
 265505
 526106
 177969
 607080
 465259
 288821
 483483
 633418
 968755
 471358
 891364
 812278
 167507
 478143
 212097
 944122
 540529
 270476
 497024
 228371
 944825
 158868
 329046
 980451
 639344
 923965
 6887
 238077
 14116
 740740
 817478
 550879
 324032
 393452
 827788
 793103
 567501
 957746
 523696
 180896
 532413
 676737
 920839
 833743
 83091
 23511
 40159
 386269
 949244
 2466
 997110
 623546
 97995
 301839
 261879
 816207
 780638
 948466
 425255
 332068
 833893
 107440
 595763
 131092
 95540
 657636
 227091
 772334
 486349
 2917
 211803
 704918
 787084
 109083
 234166
 866909
 285651
 593719
 67656
 179836
 298150
 530271
 350313
 643616
 485021
 394912
 131313
 61078
 824891
 941494
 356164
 172234
 893197
 884540
 380517
 148689
 206279
 687582
 136212
 594027
 988066
 969900
 955056
 26627
 278800
 717695
 678848
 107919
 60322
 74047
 72332
 273187
 470608
 911754
 516255
 429443
 627651
 704723
 819826
 50840
 41250
 700958
 617846
 892012
 920398
 659390
 343384
 175324
 646989
 669376
 887872
 8661
 298028
 129407
 463462
 258445
 617749
 262482
 880712
 898705
 349411
 173098
 931170
 202719
 536620
 772387
 505742
 285566
 442656
 274442
 372169
 898079
 930377
 103424
 397956
 743223
 414751
 868968
 713826
 687639
 110283
 581346
 223002
 265413
 57135
 540366
 555046
 963634
 249774
 824764
 958538
 857442
 718696
 675626
 543653
 457845
 242424
 911482
 226874
 97629
 249280
 823275
 796154
 784303
 19386
 635815
 451560
 138962
 138726
 52132
 777742
 771380
 106506
 694728
 555135
 550356
 184561
 758886
 917520
 486935
 262281
 161850
 899030
 801794
 695964
 686475
 877207
 599776
 395730
 721006
 654369
 936068
 314009
 9950
 840890
 597933
 88210
 759107
 299508
 131242
 949521
 182522
 537927
 876099
 179524
 637541
 961706
 719569
 136801
 47866
 932032
 59407
 91159
 732518
 331265
 141932
 328745
 467035
 132071
 683416
 560332
 277132
 446796
 278220
 322598
 813379
 235995
 972216
 428571
 513788
 571115
 121273
 721311
 727408
 494229
 833562
 179012
 469014
 318151
 866135
 977576
 129271
 959205
 649638
 731045
 714789
 305263
 932825
 449118
 555276
 218760
 479198
 877219
 866810
 870088
 243798
 844365
 752997
 824318
 372570
 410632
 441043
 737328
 268206
 200675
 603529
 369579
 879994
 435840
 591357
 10079
 416585
 99656
 773109
 406388
 158730
 906890
 516087
 448428
 584149
 424894
 659292
 42105
 982582
 972285
 429754
 285375
 525370
 250394
 563181
 125529
 136340
 210434
 214211
 270371
 930749
 962786
 106190
 499540
 270466
 475393
 24552
 556641
 556701
 745306
 402419
 986484
 139995
 228467
 543030
 313504
 244606
 288511
 861734
 272327
 729648
 999058
 936389
 559252
 171453
 392236
 640249
 824761
 167322
 214478
 403906
 229393
 664966
 5226
 885759
 849848
 779964
 360773
 523709
 71048
 461686
 436363
 674357
 436112
 369982
 486855
 896518
 523855
 385065
 253149
 250135
 358103
 129148
 826923
 892090
 991521
 117122
 452979
 527350
 486873
 210680
 663176
 375268
 914110
 261599
 258805
 210480
 38743
 2452
 487990
 856435
 366745
 798245
 178427
 193954
 728759
 99229
 361983
 117530
 655758
 116562
 763028
 678364
 402813
 687500
 92811
 448722
 298259
 950014
 448496
 688591
 819522
 123938
 431620
 853059
 506451
 579961
 500669
 515709
 373571
 861340
 485809
 53701
 681846
 950490
 352250
 548367
 219044
 547257
 607420
 968028
 878116
 169082
 517188
 32380
 627334
 860206
 884990
 489506
 63872
 433598
 619697
 136696
 383877
 59514
 583478
 374289
 494085
 514427
 506704
 25809
 406705
 403288
 620488
 626236
 601838
 541108
 549631
 550243
 104580
 392729
 317460
 198806
 300660
 495227
 235545
 248138
 769976
 365622
 266837
 428864
 64278
 184126
 861491
 36233
 718938
 798451
 834992
 394203
 106056
 460674
 376681
 88436
 23936
 782331
 101357
 406155
 850145
 574486
 910911
 17582
 950452
 72080
 181455
 907102
 124955
 911631
 486074
 847523
 947842
 503352
 885714
 620619
 39663
 208162
 619405
 687190
 224471
 336509
 588009
 291887
 939141
 856518
 809562
 965609
 452655
 593325
 117826
 396240
 765047
 219367
 506897
 201336
 194808
 776545
 288997
 730215
 667644
 552941
 439985
 423076
 379928
 469673
 856737
 929437
 801963
 27218
 992287
 564687
 93934
 335541
 478540
 775162
 852811
 294137
 891361
 571428
 33704
 547379
 394414
 338376
 527268
 70683
 547462
 363229
 301774
 529728
 202039
 612129
 698113
 463095
 575629
 54424
 909830
 706159
 886724
 713855
 467853
 564712
 979923
 725570
 802840
 323531
 995059
 226367
 846265
 506885
 662717
 437251
 67050
 770810
 876516
 43050
 265384
 325739
 619762
 899401
 423841
 225841
 483355
 424581
 922655
 650497
 925004
 461005
 402443
 115156
 275253
 631489
 507441
 541499
 221177
 420675
 65168
 971282
 144189
 414492
 282671
 461128
 191026
 392167
 282221
 987546
 909568
 922599
 943815
 128136
 581914
 921020
 502024
 832717
 649917
 623239
 295675
 126711
 336134
 423889
 220385
 85982
 33170
 567821
 826051
 440931
 484555
 872186
 617106
 288779
 187158
 495860
 293427
 386971
 702114
 198752
 888260
 241900
 833146
 308960
 711707
 892877
 354708
 108544
 205882
 598670
 337598
 259177
 287506
 538309
 752537
 124319
 93459
 703325
 211093
 898091
 